C automatic include file for card ./Cards/transfer_card.dat and ./Cards/ident_mw_card.dat

        tf_lepton_e_11 = 0.000000d+00
        tf_lepton_e_10 = 0.000000d+00
        tf_lepton_e_12 = 2.000000d-02
        tf_lepton_e_7 = 0.000000d+00
        tf_lepton_e_9 = 0.000000d+00
        tf_lepton_e_8 = 0.000000d+00
        tf_jet_e_1 = 0.000000d+00
        tf_jet_e_3 = 0.000000d+00
        tf_jet_e_2 = 0.000000d+00
        tf_jet_e_5 = 0.000000d+00
        tf_jet_e_4 = 0.000000d+00
        tf_jet_e_6 = 5.000000d-02
